0,0.00,0.00,29.49,45.10
5,0.00,0.00,29.59,44.80
10,0.00,0.00,29.63,44.67
15,0.00,0.00,29.66,44.59
20,0.00,0.00,29.68,44.52
25,0.00,0.00,29.70,44.45
30,0.00,0.00,29.71,44.42
35,0.00,0.00,29.72,44.38
40,0.00,0.00,29.73,44.38
45,0.00,0.00,29.73,44.35
50,0.00,0.00,29.74,44.32
55,0.00,0.00,29.74,44.32
60,0.00,0.00,29.75,44.32
65,0.00,0.00,29.75,44.32
70,0.00,0.00,29.75,44.32
75,0.00,0.00,29.76,44.32
80,0.00,0.00,29.75,44.32
85,0.00,0.00,29.75,44.32
90,0.00,0.00,29.75,44.32
95,0.00,0.00,29.75,44.32
100,30.80,0.00,29.75,44.32
105,30.80,0.00,29.75,44.32
110,30.80,0.00,29.75,44.32
115,30.80,0.00,29.75,44.32
120,30.80,0.00,29.75,44.29
125,30.80,0.00,29.75,44.32
130,30.80,0.00,29.75,44.32
135,30.80,0.00,29.75,44.29
140,30.80,0.00,29.75,44.32
145,30.80,0.00,29.75,44.29
150,30.80,0.00,29.75,44.32
155,30.80,0.00,29.74,44.32
160,30.80,0.00,29.74,44.32
165,30.80,0.00,29.74,44.29
170,30.80,0.00,29.74,44.32
175,30.80,0.00,29.74,44.32
180,30.80,0.00,29.74,44.32
185,30.80,0.00,29.74,44.32
190,30.80,0.00,29.74,44.32
195,30.80,0.00,29.73,44.32
200,30.80,0.00,29.73,44.32
205,29.80,10.90,29.73,44.32
210,29.80,10.90,29.73,44.32
215,29.80,10.90,29.72,44.32
220,29.80,10.90,29.72,44.32
225,29.80,10.90,29.71,44.32
230,29.80,10.90,29.72,44.32
235,29.80,10.90,29.71,44.32
240,29.50,12.40,29.71,44.35
245,29.50,12.40,29.71,44.32
250,29.50,12.40,29.71,44.32
255,29.50,12.40,29.71,44.32
260,29.50,12.40,29.70,44.35
265,29.50,12.40,29.70,44.35
270,28.90,13.40,29.70,44.35
275,29.10,13.60,29.70,44.35
280,29.10,13.60,29.68,44.35
285,29.10,13.60,29.68,44.35
290,29.10,13.60,29.67,44.38
295,29.10,13.60,29.67,44.38
300,28.90,14.60,29.67,44.38
305,28.90,14.60,29.67,44.38
310,28.90,14.60,29.67,44.38
315,28.90,14.60,29.66,44.38
320,28.70,15.20,29.66,44.38
325,28.70,15.20,29.66,44.38
330,28.70,15.20,29.65,44.38
335,28.70,15.20,29.65,44.39
340,28.70,15.20,29.65,44.38
345,28.70,15.20,29.64,44.39
350,28.50,16.20,29.65,44.39
355,28.50,16.20,29.64,44.39
360,28.50,16.20,29.64,44.39
365,28.50,16.20,29.63,44.39
370,28.50,16.20,29.63,44.39
375,28.50,16.20,29.62,44.43
380,28.50,16.20,29.62,44.43
385,28.50,16.20,29.62,44.43
390,28.50,16.20,29.62,44.43
395,28.50,16.20,29.61,44.43
400,28.50,16.20,29.61,44.43
405,28.50,16.20,29.61,44.43
410,28.50,16.20,29.60,44.43
415,28.50,16.20,29.61,44.43
420,28.50,16.20,29.60,44.46
425,28.10,17.60,29.60,44.46
430,28.10,17.60,29.59,44.46
435,28.10,17.60,29.60,44.46
440,28.10,17.60,29.59,44.46
445,28.10,17.60,29.59,44.46
450,28.10,17.60,29.58,44.46
455,28.10,17.60,29.58,44.46
460,28.10,17.60,29.58,44.46
465,28.10,17.60,29.58,44.46
470,28.10,17.60,29.57,44.50
475,28.10,17.60,29.57,44.46
480,28.10,17.60,29.56,44.50
485,28.10,17.60,29.56,44.50
490,28.10,17.60,29.56,44.50
495,28.10,17.60,29.56,44.50
500,28.10,17.60,29.56,44.50
505,28.10,17.60,29.56,44.50
510,28.10,17.60,29.56,44.53
515,28.10,17.60,29.56,44.53
520,28.10,17.60,29.56,44.50
525,28.10,17.60,29.56,44.53
530,28.10,17.60,29.56,44.53
535,28.10,17.60,29.56,44.53
540,28.10,17.60,29.54,44.53
545,28.10,17.60,29.54,44.53
550,28.10,17.60,29.54,44.53
555,28.10,17.60,29.54,44.53
560,28.10,17.60,29.52,44.53
565,28.10,17.60,29.53,44.53
570,28.10,17.60,29.52,44.57
575,28.10,17.60,29.52,44.57
580,27.60,19.50,29.52,44.53
585,27.60,19.50,29.51,44.57
590,27.60,19.50,29.51,44.57
595,27.60,19.50,29.51,44.57
600,27.60,19.50,29.51,44.57
605,27.60,19.50,29.50,44.57
610,27.60,19.50,29.50,44.57
615,27.60,19.50,29.50,44.57
620,27.60,19.50,29.50,44.57
625,27.60,19.50,29.49,44.57
630,27.60,19.50,29.49,44.57
635,27.30,20.00,29.49,44.57
640,27.30,20.00,29.49,44.57
645,27.30,20.00,29.49,44.57
650,27.30,20.00,29.49,44.54
655,27.30,20.00,29.48,44.57
660,27.30,20.00,29.48,44.54
665,27.30,20.00,29.48,44.54
670,27.30,20.00,29.48,44.54
675,27.30,20.00,29.47,44.58
680,27.30,20.00,29.47,44.58
685,27.30,20.00,29.47,44.58
690,27.20,20.10,29.47,44.58
695,27.20,20.10,29.46,44.58
700,27.20,20.10,29.46,44.58
705,27.20,20.10,29.46,44.58
710,27.20,20.10,29.46,44.58
715,27.20,20.10,29.46,44.58
720,27.20,20.10,29.46,44.58
725,27.20,20.10,29.45,44.58
730,27.20,20.10,29.45,44.58
735,27.20,20.10,29.44,44.58
740,27.20,20.10,29.44,44.58
745,27.20,20.10,29.45,44.58
750,27.20,20.10,29.44,44.61
755,27.20,20.10,29.44,44.58
760,27.20,20.10,29.44,44.61
765,27.20,20.10,29.43,44.61
770,27.20,20.10,29.43,44.61
775,27.20,20.10,29.43,44.61
780,27.20,20.10,29.42,44.61
785,27.20,20.10,29.42,44.61
790,27.20,20.10,29.42,44.61
795,27.20,20.10,29.42,44.64
800,27.20,20.10,29.41,44.64
805,27.20,20.10,29.41,44.61
810,27.20,20.10,29.41,44.64
815,27.20,20.10,29.41,44.61
820,27.20,20.10,29.41,44.64
825,27.20,20.10,29.41,44.64
830,27.20,20.10,29.39,44.64
835,27.20,20.90,29.39,44.64
840,27.20,20.90,29.39,44.64
845,27.30,20.80,29.39,44.64
850,27.30,20.80,29.38,44.64
855,27.30,20.80,29.38,44.64
860,27.30,20.80,29.38,44.64
865,27.30,20.80,29.38,44.64
870,27.30,20.80,29.38,44.64
875,27.30,20.80,29.38,44.64
880,27.30,20.80,29.38,44.64
885,27.30,20.80,29.37,44.67
890,27.30,20.80,29.37,44.64
895,27.30,20.80,29.37,44.67
900,27.30,20.80,29.37,44.64
905,27.30,20.80,29.36,44.67
910,27.30,20.80,29.36,44.67
915,27.30,20.80,29.36,44.67
920,27.20,20.90,29.36,44.67
925,27.20,20.90,29.36,44.67
930,27.20,20.90,29.36,44.67
935,27.20,20.90,29.35,44.67
940,27.20,20.90,29.35,44.67
945,27.20,20.90,29.35,44.67
950,27.20,20.90,29.35,44.67
955,27.20,20.90,29.35,44.67
960,27.20,20.90,29.34,44.67
965,27.20,20.90,29.34,44.67
970,27.20,20.90,29.34,44.67
975,27.20,20.90,29.34,44.67
980,27.20,20.90,29.33,44.67
985,27.20,20.90,29.33,44.71
990,27.20,20.90,29.34,44.71
995,27.20,20.90,29.33,44.67
1000,27.20,20.90,29.33,44.71
1005,27.20,20.90,29.32,44.71
1010,27.20,20.90,29.32,44.69
1015,27.20,20.90,29.32,44.71
1020,27.20,20.90,29.32,44.71
1025,27.20,20.90,29.32,44.69
1030,27.20,20.90,29.32,44.71
1035,27.20,20.90,29.32,44.69
1040,27.20,20.90,29.32,44.69
1045,27.20,20.90,29.32,44.69
1050,27.20,20.90,29.32,44.69
1055,27.20,20.90,29.32,44.69
1060,27.20,20.90,29.32,44.69
1065,27.20,20.90,29.31,44.69
1070,27.20,20.90,29.31,44.69
1075,27.20,20.90,29.30,44.69
1080,27.20,20.90,29.31,44.69
1085,27.20,20.90,29.31,44.69
1090,27.20,20.90,29.30,44.72
1095,27.20,20.90,29.30,44.69
1100,27.20,20.90,29.30,44.69
1105,27.20,20.90,29.30,44.72
1110,27.20,20.90,29.29,44.72
1115,27.20,20.90,29.29,44.72
1120,27.20,20.90,29.28,44.72
1125,27.20,20.90,29.29,44.72
1130,27.20,20.90,29.29,44.72
1135,27.20,20.90,29.28,44.72
1140,27.20,20.90,29.29,44.72
1145,27.20,20.90,29.28,44.72
1150,27.20,20.90,29.28,44.72
1155,27.20,20.90,29.28,44.75
1160,27.20,20.90,29.27,44.72
1165,27.20,20.90,29.27,44.72
1170,27.20,20.90,29.27,44.75
1175,27.20,20.90,29.27,44.75
1180,27.20,20.90,29.27,44.75
1185,27.20,20.90,29.27,44.75
1190,27.20,20.90,29.27,44.75
1195,27.20,20.90,29.27,44.75
1200,27.20,20.90,29.27,44.75
1205,27.20,20.90,29.27,44.75
1210,27.20,20.90,29.26,44.75
1215,27.20,20.90,29.26,44.75
1220,27.20,20.90,29.26,44.75
1225,27.20,20.90,29.26,44.75
1230,27.20,20.90,29.26,44.75
1235,27.20,20.90,29.26,44.75
1240,27.10,21.60,29.26,44.75
1245,27.10,21.60,29.26,44.75
1250,27.10,21.60,29.26,44.75
1255,27.10,21.60,29.24,44.75
1260,27.10,21.60,29.24,44.79
1265,27.10,21.60,29.24,44.79
1270,27.10,21.60,29.24,44.75
1275,27.10,21.60,29.24,44.75
1280,27.10,21.60,29.24,44.75
1285,27.10,21.60,29.23,44.75
1290,27.10,21.60,29.23,44.75
1295,27.10,21.60,29.23,44.79
1300,27.10,21.60,29.23,44.79
1305,27.10,21.60,29.23,44.79
1310,27.10,21.60,29.23,44.79
1315,27.10,21.60,29.23,44.79
1320,27.10,21.60,29.23,44.79
1325,27.10,21.60,29.23,44.79
1330,27.10,21.60,29.22,44.79
1335,27.10,21.60,29.22,44.79
1340,27.10,21.60,29.22,44.79
1345,27.10,21.60,29.22,44.79
1350,27.10,21.60,29.22,44.79
1355,27.10,21.60,29.21,44.79
1360,27.10,21.60,29.22,44.79
1365,27.10,21.60,29.21,44.79
1370,27.10,21.60,29.21,44.79
1375,27.10,21.60,29.21,44.79
1380,27.10,21.60,29.21,44.79
1385,27.10,21.60,29.21,44.82
1390,27.10,21.60,29.20,44.82
1395,27.10,21.60,29.20,44.82
1400,27.10,21.60,29.20,44.82
1405,27.10,21.60,29.20,44.82
1410,27.10,21.60,29.20,44.82
1415,27.10,21.60,29.20,44.82
1420,27.10,21.60,29.20,44.82
1425,27.20,21.70,29.20,44.82
1430,27.20,21.70,29.20,44.82
1435,27.20,21.70,29.19,44.82
1440,27.20,21.70,29.20,44.82
1445,27.20,21.70,29.19,44.82
1450,27.20,21.70,29.19,44.82
1455,27.20,21.70,29.19,44.82
1460,27.20,21.70,29.19,44.82
1465,27.20,21.70,29.19,44.82
1470,27.20,21.70,29.19,44.82
1475,27.20,21.70,29.19,44.82
1480,27.20,21.70,29.19,44.82
1485,27.20,21.70,29.19,44.82
1490,27.20,21.70,29.19,44.82
1495,27.20,21.70,29.18,44.82
1500,27.20,21.70,29.18,44.82
1505,27.20,21.70,29.18,44.82
1510,27.20,21.70,29.18,44.82
1515,27.20,21.70,29.18,44.82
1520,27.20,21.70,29.18,44.82
1525,27.20,21.70,29.18,44.82
1530,27.20,21.70,29.17,44.82
1535,27.20,21.70,29.17,44.82
1540,27.20,21.70,29.17,44.82
1545,27.20,21.70,29.17,44.82
1550,27.20,21.70,29.17,44.82
1555,27.20,21.70,29.17,44.82
1560,27.20,21.70,29.17,44.82
1565,27.20,21.70,29.16,44.82
1570,27.20,21.70,29.17,44.82
1575,27.20,21.70,29.16,44.82
1580,27.20,21.70,29.16,44.82
1585,27.20,21.70,29.16,44.82
1590,27.20,21.70,29.15,44.82
1595,27.20,21.70,29.16,44.82
1600,27.20,21.70,29.15,44.86
1605,27.20,21.70,29.15,44.80
1610,27.20,21.70,29.15,44.82
1615,27.20,21.70,29.15,44.82
1620,27.20,21.70,29.15,44.82
1625,27.20,21.70,29.15,44.82
1630,27.20,21.70,29.15,44.86
1635,27.20,21.70,29.15,44.86
1640,27.20,21.70,29.14,44.80
1645,27.20,21.70,29.14,44.86
1650,27.20,21.70,29.14,44.82
1655,27.20,21.70,29.14,44.83
1660,27.20,21.70,29.14,44.83
1665,27.20,21.70,29.14,44.83
1670,27.20,21.70,29.14,44.83
1675,27.20,21.70,29.14,44.83
1680,27.20,21.70,29.14,44.83
1685,27.20,21.70,29.13,44.83
1690,27.20,21.70,29.13,44.83
1695,27.20,21.70,29.13,44.83
1700,27.20,22.30,29.13,44.83
1705,27.20,22.30,29.13,44.83
1710,27.20,22.30,29.13,44.87
1715,27.20,22.30,29.13,44.87
1720,27.20,22.30,29.13,44.87
1725,27.20,22.30,29.12,44.87
1730,27.20,22.30,29.13,44.83
1735,27.20,22.30,29.13,44.83
1740,27.20,22.30,29.12,44.83
1745,27.20,22.30,29.12,44.87
1750,27.20,22.30,29.12,44.87
1755,27.20,22.30,29.12,44.87
1760,27.20,22.30,29.12,44.87
1765,27.20,22.30,29.12,44.87
1770,27.20,22.30,29.12,44.87
1775,27.20,22.30,29.11,44.87
1780,27.20,22.30,29.12,44.87
1785,27.20,22.30,29.11,44.87
1790,27.20,22.30,29.11,44.87
1795,27.20,22.30,29.12,44.83
1800,27.20,21.70,29.11,44.87
1805,27.20,21.70,29.11,44.87
1810,27.20,21.70,29.11,44.87
1815,27.20,21.70,29.11,44.87
1820,27.20,21.70,29.09,44.87
1825,27.20,21.70,29.11,44.87
1830,27.20,21.70,29.09,44.87
1835,27.20,21.70,29.09,44.87
1840,27.20,21.70,29.09,44.87
1845,27.20,21.70,29.09,44.87
1850,27.20,21.70,29.09,44.90
1855,27.20,21.70,29.09,44.87
1860,27.20,21.70,29.08,44.87
1865,27.20,21.70,29.08,44.90
1870,27.20,21.70,29.08,44.90
